regression_score: 0.7745930441897646
lassolars_score: 0.7745199271631429