regression_score: 0.7714973106938682
lassolars_score: 0.7714020589441855