regression_score: 0.7696778084072712
lassolars_score: 0.7695975520618813