regression_score: 0.7457490983336128
lassolars_score: 0.7456721414266316