reg_score: 0.7187688107294561
lassolars_score: 0.7178134033972772