regression_score: 0.7234872151647377
lassolars_score: 0.7233572470826698