regression_score: 0.7732663424268721
lassolars_score: 0.7732051045662263