reg_score: 0.7056507632740413
lassolars_score: 0.7037124081589774