reg_score: 0.758831300794704
lassolars_score: 0.7574198590298769