regression_score: 0.7426717084129472
lassolars_score: 0.7425143093567432