regression_score: 0.696248217525081
lassolars_score: 0.6959298010099595