reg_score: 0.7023001014765486
lassolars_score: 0.7038075477874843