reg_score: 0.7175002246977609
lassolars_score: 0.7200434247260403