regression_score: 0.7059534575144006
lassolars_score: 0.7056180474725133