reg_score: 0.6020954635369602
lassolars_score: 0.590445448796892