regression_score: 0.6944000768794476
lassolars_score: 0.6941670213190596