regression_score: 0.7600720771631637
lassolars_score: 0.7599997386200659