reg_score: 0.6226385372159575
lassolars_score: 0.618841996810382