regression_score: 0.7231231220004208
lassolars_score: 0.7227949600085886