reg_score: 0.5695180232291601
lassolars_score: 0.583215706877656