regression_score: 0.767262367800345
lassolars_score: 0.7670477329870128