regression_score: 0.7398897740266863
lassolars_score: 0.7398083907554082