regression_score: 0.7849028528105455
lassolars_score: 0.7848046494762781