reg_score: -0.3040595472177958
lassolars_score: -0.2706935673347761