reg_score: 0.7180517242079737
lassolars_score: 0.7192505295706273