reg_score: 0.6428723977305726
lassolars_score: 0.6421267821478169