reg_score: 0.6345632857587233
lassolars_score: 0.6327841991160854