regression_score: 0.6733494736386901
lassolars_score: 0.6728756227715543