reg_score: 0.7841544930953807
lassolars_score: 0.7778628552727012