reg_score: 0.6711763342875552
lassolars_score: 0.6682948374413744