reg_score: 0.7622650698288826
lassolars_score: 0.7614698202938718