reg_score: 0.6868022461655707
lassolars_score: 0.6882479076063179