regression_score: 0.5922383472239714
lassolars_score: 0.5914886981084495