reg_score: 0.7618152346175546
lassolars_score: 0.7642041443339483