reg_score: 0.734869820336534
lassolars_score: 0.7330173876994464