regression_score: 0.7115305830663743
lassolars_score: 0.7098907221560926