regression_score: 0.6883603114904246
lassolars_score: 0.6873350718464328