reg_score: 0.6639027682317671
lassolars_score: 0.6642584747061155