regression_score: 0.44385937048150037
lassolars_score: 0.4361534267828665