reg_score: 0.7783422940991467
lassolars_score: 0.7808163817934569