regression_score: 0.7718719240685736
lassolars_score: 0.7717728176532048