regression_score: 0.7692011850455027
lassolars_score: 0.7690990251885211