reg_score: 0.69855278283948
lassolars_score: 0.6988834120438338