reg_score: 0.760652102058881
lassolars_score: 0.7643333944152164