regression_score: 0.7395309275224707
lassolars_score: 0.7393681205961353