reg_score: 0.47780430219747405
lassolars_score: 0.46933326707130285