regression_score: 0.7905018492974492
lassolars_score: 0.7904258310884122