reg_score: 0.7861065726257012
lassolars_score: 0.786560649480984